   1053    219 219  7  7  0  0.00009102 0.00013109   18.005419  -2.284050 107.892255   4.252236   5.828414 102.417088
   1053    219 219  7  3  0  0.00003978 0.00013109   18.005419  -2.284050 107.892255   4.252236   5.828414 102.417088
   1053    219 219  7  7  0  0.00006810 0.00009102   17.125503  -3.097083 107.604761   4.252236   5.828414 102.417088
   1053    219 219  7  3  0  0.00002291 0.00009102   17.125503  -3.097083 107.604761   4.252236   5.828414 102.417088
   1053    219 219  7  7  0  0.00005440 0.00006810   20.517887  -0.087255 106.466299   4.252236   5.828414 102.417088
   1053    219 219  7  3  0  0.00001367 0.00006810   20.517887  -0.087255 106.466299   4.252236   5.828414 102.417088
   1053    219 219  7  7  0  0.00004662 0.00005440   18.275443  -3.817388 109.757006   4.252236   5.828414 102.417088
   1053    219 219  7  3  0  0.00000777 0.00005440   18.275443  -3.817388 109.757006   4.252236   5.828414 102.417088
   1053    219 219  7  7  0  0.00004164 0.00004662   17.303490  -1.761221 108.295084   4.252236   5.828414 102.417088
   1053    219 219  7  3  0  0.00000495 0.00004662   17.303490  -1.761221 108.295084   4.252236   5.828414 102.417088
   1655    219 208  7  7  0  0.00003432 0.00003724   18.243208   6.366819 110.229173   0.321163  -0.085882 102.328575
   1655    219 208  7  3  0  0.00000263 0.00003724   18.243208   6.366819 110.229173   0.321163  -0.085882 102.328575
   1679    219 219  7  7  0  0.00067375 0.00175306   18.569699  -1.961246 114.869127   1.325471  -0.234341 101.732264
   1679    219 219  7  3  0  0.00107930 0.00175306   18.569699  -1.961246 114.869127   1.325471  -0.234341 101.732264
   1967    219 219  7  7  0  0.00019457 0.00034486   17.994269   0.655945 109.742691   4.870812   0.550889 100.455783
   1967    219 219  7  3  0  0.00015026 0.00034486   17.994269   0.655945 109.742691   4.870812   0.550889 100.455783
   1967    219 219  7  7  0  0.00019220 0.00019457   15.853269   0.493202 112.010417   4.870812   0.550889 100.455783
   1967    219 219  7  3  0  0.00000236 0.00019457   15.853269   0.493202 112.010417   4.870812   0.550889 100.455783
   1967    219 219  7  7  0  0.00017633 0.00019220   15.210566   0.239493 112.579381   4.870812   0.550889 100.455783
   1967    219 219  7  3  0  0.00001585 0.00019220   15.210566   0.239493 112.579381   4.870812   0.550889 100.455783
   2738    219 219  7  7  0  0.00034315 0.00100475   21.514218  -2.104847 113.375153   0.764142   1.580465 106.141495
   2738    219 219  7  3  0  0.00066159 0.00100475   21.514218  -2.104847 113.375153   0.764142   1.580465 106.141495
   4189    219 219  7  7  0  0.00017169 0.00044515   18.429074  -1.399500 114.646255   2.925763   4.183390 108.852328
   4189    219 219  7  3  0  0.00027292 0.00044515   18.429074  -1.399500 114.646255   2.925763   4.183390 108.852328
   4189    219 219  7  7  0  0.00015409 0.00017169   18.129091  -1.049666 114.434738   2.925763   4.183390 108.852328
   4189    219 219  7  3  0  0.00001720 0.00017169   18.129091  -1.049666 114.434738   2.925763   4.183390 108.852328
   4189    219 219  7  7  0  0.00009593 0.00015409   16.242697  -0.596128 114.528086   2.925763   4.183390 108.852328
   4189    219 219  7  3  0  0.00005762 0.00015409   16.242697  -0.596128 114.528086   2.925763   4.183390 108.852328
   4896    219 219  7  7  0  0.00018299 0.00040944   15.731565   1.364676 114.160444   6.545558  -0.837063 110.749433
   4896    219 219  7  3  0  0.00022591 0.00040944   15.731565   1.364676 114.160444   6.545558  -0.837063 110.749433
   9063    219 225  7  7  0  0.00003338 0.00003775   19.892188  -0.336843 106.500015   2.107520   3.344101 107.608127
   9063    219 225  7  3  0  0.00000436 0.00003775   19.892188  -0.336843 106.500015   2.107520   3.344101 107.608127
   9063    219 225  7  7  0  0.00002939 0.00003338   19.304398  -0.466293 107.927214   2.107520   3.344101 107.608127
   9063    219 225  7  3  0  0.00000397 0.00003338   19.304398  -0.466293 107.927214   2.107520   3.344101 107.608127
   9525    219 215  7  7  1  0.00018667 0.01167202   18.242446  -1.773564 108.482901   0.868654  -0.087405 102.718352
   9525    219 215  7  3  1  0.00032340 0.01167202   18.242446  -1.773564 108.482901   0.868654  -0.087405 102.718352
   9525    219 219  7  7  1  0.00015363 0.00018667   19.529128  -0.299779 108.036720   0.868654  -0.087405 102.718352
   9525    219 219  7  3  1  0.00003275 0.00018667   19.529128  -0.299779 108.036720   0.868654  -0.087405 102.718352
   9525    219 219  7  7  1  0.00014528 0.00015363   18.814858   1.169978 108.383610   0.868654  -0.087405 102.718352
   9525    219 219  7  3  1  0.00000833 0.00015363   18.814858   1.169978 108.383610   0.868654  -0.087405 102.718352
   9525    219 219  7  7  1  0.00009711 0.00014528   19.265156   4.094455 109.139512   0.868654  -0.087405 102.718352
   9525    219 219  7  3  1  0.00004816 0.00014528   19.265156   4.094455 109.139512   0.868654  -0.087405 102.718352
   9525    219 219  7  7  1  0.00008877 0.00009711   20.588302   1.228053 106.777462   0.868654  -0.087405 102.718352
   9525    219 219  7  3  1  0.00000832 0.00009711   20.588302   1.228053 106.777462   0.868654  -0.087405 102.718352
   9525    219 219  7  7  1  0.00008323 0.00008877   20.660587   1.358587 104.263019   0.868654  -0.087405 102.718352
   9525    219 219  7  3  1  0.00000553 0.00008877   20.660587   1.358587 104.263019   0.868654  -0.087405 102.718352
   9525    219 219  7  7  1  0.00007625 0.00008323   21.133264   0.903974 103.829243   0.868654  -0.087405 102.718352
   9525    219 219  7  3  1  0.00000670 0.00008323   21.133264   0.903974 103.829243   0.868654  -0.087405 102.718352
  11207    219 106  7  7  1  0.00032700 0.00620918   21.274718   2.013845 106.731149  -1.463043   0.238103 101.013479
  11207    219 106  7  3  1  0.00588217 0.00620918   21.274718   2.013845 106.731149  -1.463043   0.238103 101.013479
  13396    219 215  7  7  0  0.00026863 0.00051057   15.338142  -2.225513 113.911419  -0.436668  -2.138061 107.088689
  13396    219 215  7  3  0  0.00024276 0.00051057   15.338142  -2.225513 113.911419  -0.436668  -2.138061 107.088689
  13396    219 219  7  7  0  0.00024452 0.00026863   15.097264  -1.443163 114.854657  -0.436668  -2.138061 107.088689
  13396    219 219  7  3  0  0.00002409 0.00026863   15.097264  -1.443163 114.854657  -0.436668  -2.138061 107.088689
  14062    219 219  7  7  0  0.00043139 0.00215569   20.794929  -3.108616 110.923080   5.617091  -1.272604 109.399678
  14062    219 219  7  3  0  0.00172429 0.00215569   20.794929  -3.108616 110.923080   5.617091  -1.272604 109.399678
  14062    219 219  7  7  0  0.00037553 0.00043139   20.997860  -2.955550 109.435122   5.617091  -1.272604 109.399678
  14062    219 219  7  3  0  0.00005557 0.00043139   20.997860  -2.955550 109.435122   5.617091  -1.272604 109.399678
  14062    219 219  7  7  0  0.00037434 0.00037553   21.244488  -1.561504 107.903694   5.617091  -1.272604 109.399678
  14062    219 219  7  3  0  0.00000117 0.00037553   21.244488  -1.561504 107.903694   5.617091  -1.272604 109.399678
  14073    219 219  7  7  0  0.00051576 0.00092078   16.517868  -3.777276 110.010157   6.114401   1.829537 106.560660
  14073    219 219  7  3  0  0.00040500 0.00092078   16.517868  -3.777276 110.010157   6.114401   1.829537 106.560660
  14073    219 219  7  7  0  0.00042588 0.00051576   16.646456  -5.011361 110.115200   6.114401   1.829537 106.560660
  14073    219 219  7  3  0  0.00008987 0.00051576   16.646456  -5.011361 110.115200   6.114401   1.829537 106.560660
  15874    219 219  7  7  0  0.00037770 0.00043911   21.838753  -3.209076 100.621212  -0.439998   0.067002 104.555263
  15874    219 219  7  3  0  0.00006139 0.00043911   21.838753  -3.209076 100.621212  -0.439998   0.067002 104.555263
  17804    219 106  7  7  1  0.00183579 0.00698133   17.406899  -4.098428 112.835244  -0.760605   1.041623 100.713774
  17804    219 106  7  3  1  0.00514553 0.00698133   17.406899  -4.098428 112.835244  -0.760605   1.041623 100.713774
  20603    219 106  7  7  1  0.00031355 0.00445915   17.055796  -6.853869 114.536635  -0.731591   0.511878 102.721500
  20603    219 106  7  3  1  0.00414506 0.00445915   17.055796  -6.853869 114.536635  -0.731591   0.511878 102.721500
  20603    219 219  7  7  1  0.00015371 0.00031355   16.963230  -5.254372 113.965312  -0.731591   0.511878 102.721500
  20603    219 219  7  3  1  0.00015982 0.00031355   16.963230  -5.254372 113.965312  -0.731591   0.511878 102.721500
  20603    219 219  7  7  1  0.00015175 0.00015371   16.897579  -5.741572 113.622260  -0.731591   0.511878 102.721500
  20603    219 219  7  3  1  0.00000195 0.00015371   16.897579  -5.741572 113.622260  -0.731591   0.511878 102.721500
  20847    219 300  7  7  0  0.00036376 0.00222325   17.288974  -6.815382 114.971653   5.960962  -2.042051 112.289899
  20847    219 300  7  3  0  0.00185947 0.00222325   17.288974  -6.815382 114.971653   5.960962  -2.042051 112.289899
  22966    219 106  7  7  1  0.00035588 0.00444534   15.006125   2.966452 104.170654   0.236991   3.853060 109.921501
  22966    219 106  7  3  1  0.00408945 0.00444534   15.006125   2.966452 104.170654   0.236991   3.853060 109.921501
  25416    219 106  7  7  1  0.00451757 0.00526916   16.120048   1.108388 104.896869  -0.800601  -0.498274 101.032498
  25416    219 106  7  3  1  0.00075158 0.00526916   16.120048   1.108388 104.896869  -0.800601  -0.498274 101.032498
  25456    219 219  7  7  0  0.00014240 0.00028527   15.406324  -4.514290 113.576838  -1.571934   3.831032 100.193714
  25456    219 219  7  3  0  0.00014285 0.00028527   15.406324  -4.514290 113.576838  -1.571934   3.831032 100.193714
  26083    219 106  7  7  1  0.00089808 0.00444179   21.930345  -3.838264 100.222817   0.619033   0.942758 101.568815
  26083    219 106  7  3  1  0.00354343 0.00444179   21.930345  -3.838264 100.222817   0.619033   0.942758 101.568815
  26165    219 106  7  7  1  0.00312009 0.00424506   15.636138  -2.112227 111.320906  -0.101752  -0.609324 104.000660
  26165    219 106  7  3  1  0.00112496 0.00424506   15.636138  -2.112227 111.320906  -0.101752  -0.609324 104.000660
  27778    219 106  7  7  1  0.00365780 0.00443894   18.404136   6.663543 109.098569  -0.629472   0.205629 106.224019
  27778    219 106  7  3  1  0.00078113 0.00443894   18.404136   6.663543 109.098569  -0.629472   0.205629 106.224019
  27950    219 106  7  7  1  0.00021564 0.00141864   19.705028   3.205761 100.395062  -0.503513  -0.157949 102.424216
  27950    219 106  7  3  1  0.00120297 0.00141864   19.705028   3.205761 100.395062  -0.503513  -0.157949 102.424216
  30486    219 106  7  7  1  0.00047423 0.00441744   17.027218  -6.460967 106.641278   1.315076   5.889285 102.217354
  30486    219 106  7  3  1  0.00394292 0.00441744   17.027218  -6.460967 106.641278   1.315076   5.889285 102.217354
  31812    219 219  7  7  0  0.00048525 0.00081367   17.916961  -4.994821 108.621263   5.629089   1.028670 100.584159
  31812    219 219  7  3  0  0.00032802 0.00081367   17.916961  -4.994821 108.621263   5.629089   1.028670 100.584159
  32510    219 219  7  7  0  0.00055731 0.00075770   15.707165   0.899199 102.080882   5.075161   5.729067 104.970999
  32510    219 219  7  3  0  0.00020039 0.00075770   15.707165   0.899199 102.080882   5.075161   5.729067 104.970999
  33217    219 106  7  7  1  0.00068028 0.00452142   20.016298   0.024300 102.507750   0.590593   0.068032 104.425634
  33217    219 106  7  3  1  0.00384113 0.00452142   20.016298   0.024300 102.507750   0.590593   0.068032 104.425634
  33217    219 219  7  7  1  0.00067924 0.00068028   20.517932   1.350763 102.189841   0.590593   0.068032 104.425634
  33217    219 219  7  3  1  0.00000102 0.00068028   20.517932   1.350763 102.189841   0.590593   0.068032 104.425634
  35931    219 219  7  7  0  0.00039278 0.00242212   19.601124  -2.424243 104.107320   6.081471  -1.054117 106.822350
  35931    219 219  7  3  0  0.00202932 0.00242212   19.601124  -2.424243 104.107320   6.081471  -1.054117 106.822350
  36511    219 208  7  7  0  0.00039910 0.00050957   15.568869  -4.459140 104.143765   1.208622  -0.059059 106.446098
  36511    219 208  7  3  0  0.00011045 0.00050957   15.568869  -4.459140 104.143765   1.208622  -0.059059 106.446098
  36964    219 106  7  7  1  0.00090701 0.00214762   15.623968   0.209293 104.843012   0.775039   0.291152 104.065871
  36964    219 106  7  3  1  0.00124059 0.00214762   15.623968   0.209293 104.843012   0.775039   0.291152 104.065871
  36964    219 219  7  7  1  0.00067006 0.00090701   17.357414   0.390169 103.144646   0.775039   0.291152 104.065871
  36964    219 219  7  3  1  0.00023666 0.00090701   17.357414   0.390169 103.144646   0.775039   0.291152 104.065871
  36964    219 219  7  7  1  0.00046774 0.00067006   17.465183   0.349562 102.429578   0.775039   0.291152 104.065871
  36964    219 219  7  3  1  0.00020231 0.00067006   17.465183   0.349562 102.429578   0.775039   0.291152 104.065871
  36964    219 219  7  7  1  0.00027122 0.00046774   18.590693  -1.282012 100.996186   0.775039   0.291152 104.065871
  36964    219 219  7  3  1  0.00019651 0.00046774   18.590693  -1.282012 100.996186   0.775039   0.291152 104.065871
  37154    219 106  7  7  1  0.00113816 0.00275709   18.918309   0.522364 109.657989  -0.198621  -0.343437 106.511724
  37154    219 106  7  3  1  0.00161892 0.00275709   18.918309   0.522364 109.657989  -0.198621  -0.343437 106.511724
  37208    219 106  7  7  1  0.00056952 0.00445396   18.547304  -1.155889 110.768317   0.738069   0.500136 105.351460
  37208    219 106  7  3  1  0.00388444 0.00445396   18.547304  -1.155889 110.768317   0.738069   0.500136 105.351460
  37314    219 219  7  7  0  0.00022543 0.00113092   17.163826   1.207116 109.062909   3.834074   2.180459 102.124412
  37314    219 219  7  3  0  0.00090548 0.00113092   17.163826   1.207116 109.062909   3.834074   2.180459 102.124412
  37314    219 219  7  7  0  0.00018120 0.00022543   16.531259   1.636234 107.937808   3.834074   2.180459 102.124412
  37314    219 219  7  3  0  0.00004421 0.00022543   16.531259   1.636234 107.937808   3.834074   2.180459 102.124412
  37318    219 219  7  7  0  0.00016525 0.00018765   16.285862   4.604854 110.370151   5.852601   4.741395 102.585047
  37318    219 219  7  3  0  0.00002239 0.00018765   16.285862   4.604854 110.370151   5.852601   4.741395 102.585047
  37318    219 219  7  7  0  0.00010770 0.00016525   16.612145   4.783623 110.325625   5.852601   4.741395 102.585047
  37318    219 219  7  3  0  0.00005727 0.00016525   16.612145   4.783623 110.325625   5.852601   4.741395 102.585047
  37889    219 101  7  7  1  0.00155986 0.00265704   17.889885  -6.830650 105.227221  -0.383880   1.013687 104.341755
  37889    219 101  7  3  1  0.00461224 0.00265704   17.889885  -6.830650 105.227221  -0.383880   1.013687 104.341755
  37889    219 219  7  7  1  0.00114043 0.00155986   19.696290  -6.248565 105.428391  -0.383880   1.013687 104.341755
  37889    219 219  7  3  1  0.00041914 0.00155986   19.696290  -6.248565 105.428391  -0.383880   1.013687 104.341755
  38549    219 106  7  7  1  0.00074955 0.00442854   15.037796   1.271032 105.916371  -0.209495   0.134516 103.139753
  38549    219 106  7  3  1  0.00367897 0.00442854   15.037796   1.271032 105.916371  -0.209495   0.134516 103.139753
  38714    219 106  7  7  1  0.00045244 0.00444280   17.848392   6.489265 107.583430   0.075249  -0.403359 106.104253
  38714    219 106  7  3  1  0.00399035 0.00444280   17.848392   6.489265 107.583430   0.075249  -0.403359 106.104253
  39160    219 106  7  7  1  0.00038131 0.00043305   16.013795  -0.077228 109.389636   0.046953   0.649800 101.545917
  39160    219 106  7  3  1  0.00005172 0.00043305   16.013795  -0.077228 109.389636   0.046953   0.649800 101.545917
  39160    219 219  7  7  1  0.00031366 0.00038131   19.955294   2.581107 111.714954   0.046953   0.649800 101.545917
  39160    219 219  7  3  1  0.00006736 0.00038131   19.955294   2.581107 111.714954   0.046953   0.649800 101.545917
  39160    219 219  7  7  1  0.00015418 0.00031366   22.321142   3.697653 110.895013   0.046953   0.649800 101.545917
  39160    219 219  7  3  1  0.00015945 0.00031366   22.321142   3.697653 110.895013   0.046953   0.649800 101.545917
  39160    219 219  7  7  1  0.00013711 0.00015418   21.129113   1.828440 110.068887   0.046953   0.649800 101.545917
  39160    219 219  7  3  1  0.00001707 0.00015418   21.129113   1.828440 110.068887   0.046953   0.649800 101.545917
  39160    219 219  7  7  1  0.00008968 0.00013711   18.369492   1.396376 105.753706   0.046953   0.649800 101.545917
  39160    219 219  7  3  1  0.00004741 0.00013711   18.369492   1.396376 105.753706   0.046953   0.649800 101.545917
  39160    219 219  7  7  1  0.00007622 0.00008968   22.134215  -0.581909 113.179157   0.046953   0.649800 101.545917
  39160    219 219  7  3  1  0.00001344 0.00008968   22.134215  -0.581909 113.179157   0.046953   0.649800 101.545917
  39160    219 219  7  7  1  0.00007450 0.00007622   20.940435  -0.309793 113.840359   0.046953   0.649800 101.545917
  39160    219 219  7  3  1  0.00000171 0.00007622   20.940435  -0.309793 113.840359   0.046953   0.649800 101.545917
  39160    219 219  7  7  1  0.00007388 0.00007450   20.392281  -0.296769 114.602633   0.046953   0.649800 101.545917
  39160    219 219  7  3  1  0.00000059 0.00007450   20.392281  -0.296769 114.602633   0.046953   0.649800 101.545917
  39160    219 219  7  7  1  0.00006912 0.00007388   20.221957  -0.211868 114.769059   0.046953   0.649800 101.545917
  39160    219 219  7  3  1  0.00000446 0.00007388   20.221957  -0.211868 114.769059   0.046953   0.649800 101.545917
  41329    219 219  7  7  0  0.00019485 0.00030366   22.238817  -3.897962 112.694619   3.132963  -6.582406 105.655019
  41329    219 219  7  3  0  0.00010880 0.00030366   22.238817  -3.897962 112.694619   3.132963  -6.582406 105.655019
  41329    219 219  7  7  0  0.00018567 0.00019485   21.980991  -3.740789 113.425944   3.132963  -6.582406 105.655019
  41329    219 219  7  3  0  0.00000917 0.00019485   21.980991  -3.740789 113.425944   3.132963  -6.582406 105.655019
  41789    219 219  7  7  0  0.00040292 0.00047269   16.184464   3.703200 110.792724   0.813679  -0.054214 103.001396
  41789    219 219  7  3  0  0.00006976 0.00047269   16.184464   3.703200 110.792724   0.813679  -0.054214 103.001396
  41826    219 219  7  7  0  0.00031605 0.00035723   15.695366   1.025471 100.102542   1.719969   1.870037 105.623368
  41826    219 219  7  3  0  0.00004117 0.00035723   15.695366   1.025471 100.102542   1.719969   1.870037 105.623368
  41826    219 219  7  7  0  0.00017475 0.00031605   15.762443   1.038880 100.001033   1.719969   1.870037 105.623368
  41826    219 219  7  3  0  0.00014089 0.00031605   15.762443   1.038880 100.001033   1.719969   1.870037 105.623368
  41993    219 219  7  7  0  0.00103059 0.00134083   15.903754  -4.931561 105.138531   5.973535   0.550708 108.188193
  41993    219 219  7  3  0  0.00031023 0.00134083   15.903754  -4.931561 105.138531   5.973535   0.550708 108.188193
  42855    219 215  7  7  0  0.00021567 0.00051070   21.882192   1.342375 102.621216   5.069260  -3.652691 102.092712
  42855    219 215  7  3  0  0.00029561 0.00051070   21.882192   1.342375 102.621216   5.069260  -3.652691 102.092712
  42855    219 219  7  7  0  0.00012493 0.00021567   21.698105  -0.202742 102.894206   5.069260  -3.652691 102.092712
  42855    219 219  7  3  0  0.00009073 0.00021567   21.698105  -0.202742 102.894206   5.069260  -3.652691 102.092712
  42855    219 219  7  7  0  0.00009939 0.00012493   22.145020   0.221113 102.993003   5.069260  -3.652691 102.092712
  42855    219 219  7  3  0  0.00002552 0.00012493   22.145020   0.221113 102.993003   5.069260  -3.652691 102.092712
  44108    219 106  7  7  1  0.00193538 0.00643963   19.265501  -6.820295 102.621240  -1.187324   1.090326 101.212997
  44108    219 106  7  3  1  0.00450424 0.00643963   19.265501  -6.820295 102.621240  -1.187324   1.090326 101.212997
  44561    219 219  7  7  0  0.00016886 0.00042792   18.798221   6.842120 107.070921   0.230911  -0.214624 100.711096
  44561    219 219  7  3  0  0.00025905 0.00042792   18.798221   6.842120 107.070921   0.230911  -0.214624 100.711096
  45310    219 219  7  7  0  0.00025135 0.00029708   18.227819   0.850127 113.224318   6.463755  -0.638752 111.593319
  45310    219 219  7  3  0  0.00004572 0.00029708   18.227819   0.850127 113.224318   6.463755  -0.638752 111.593319
  45310    219 219  7  7  0  0.00023414 0.00025135   19.398722   2.039637 112.633144   6.463755  -0.638752 111.593319
  45310    219 219  7  3  0  0.00001719 0.00025135   19.398722   2.039637 112.633144   6.463755  -0.638752 111.593319
  45310    219 219  7  7  0  0.00020978 0.00023414   20.083444   2.191435 112.228226   6.463755  -0.638752 111.593319
  45310    219 219  7  3  0  0.00002435 0.00023414   20.083444   2.191435 112.228226   6.463755  -0.638752 111.593319
  45310    219 219  7  7  0  0.00015703 0.00020978   20.369846   2.742843 111.446945   6.463755  -0.638752 111.593319
  45310    219 219  7  3  0  0.00005272 0.00020978   20.369846   2.742843 111.446945   6.463755  -0.638752 111.593319
  45310    219 219  7  7  0  0.00014076 0.00015703   21.481246   3.450357 112.023306   6.463755  -0.638752 111.593319
  45310    219 219  7  3  0  0.00001626 0.00015703   21.481246   3.450357 112.023306   6.463755  -0.638752 111.593319
  45310    219 219  7  7  0  0.00011775 0.00014076   22.291361   3.581815 111.687953   6.463755  -0.638752 111.593319
  45310    219 219  7  3  0  0.00002299 0.00014076   22.291361   3.581815 111.687953   6.463755  -0.638752 111.593319
  45856    219 219  7  7  0  0.00013037 0.00018599   18.717877   0.560192 109.038042   0.377782  -0.640534 100.537955
  45856    219 219  7  3  0  0.00005561 0.00018599   18.717877   0.560192 109.038042   0.377782  -0.640534 100.537955
  45856    219 219  7  7  0  0.00011399 0.00013037   20.240579  -5.592431 103.469452   0.377782  -0.640534 100.537955
  45856    219 219  7  3  0  0.00001637 0.00013037   20.240579  -5.592431 103.469452   0.377782  -0.640534 100.537955
  47191    219 106  7  7  1  0.00297707 0.00342733   16.208012   4.373234 112.446695  -0.412347  -0.190446 100.119206
  47191    219 106  7  3  1  0.00044997 0.00342733   16.208012   4.373234 112.446695  -0.412347  -0.190446 100.119206
  47269    219 219  7  7  0  0.00011812 0.00015373   16.064528   4.721457 103.961358   4.726750   3.646169 102.852535
  47269    219 219  7  3  0  0.00003560 0.00015373   16.064528   4.721457 103.961358   4.726750   3.646169 102.852535
  47526    219 106  7  7  1  0.00158856 0.00443491   16.127463   2.012041 113.205956  -0.283452   0.137015 103.359449
  47526    219 106  7  3  1  0.00284606 0.00443491   16.127463   2.012041 113.205956  -0.283452   0.137015 103.359449
  50336    219 219  7  7  0  0.00007328 0.00007411   17.116388   6.014038 111.966402   3.912076   3.281912 104.671337
  50336    219 219  7  3  0  0.00000082 0.00007411   17.116388   6.014038 111.966402   3.912076   3.281912 104.671337
  50336    219 219  7  7  0  0.00006141 0.00007328   17.588381   6.313764 112.138928   3.912076   3.281912 104.671337
  50336    219 219  7  3  0  0.00001186 0.00007328   17.588381   6.313764 112.138928   3.912076   3.281912 104.671337
  50336    219 219  7  7  0  0.00005054 0.00006141   17.281868   5.233966 113.245329   3.912076   3.281912 104.671337
  50336    219 219  7  3  0  0.00001086 0.00006141   17.281868   5.233966 113.245329   3.912076   3.281912 104.671337
  50336    219 219  7  7  0  0.00004694 0.00005054   17.327918   5.241591 113.174287   3.912076   3.281912 104.671337
  50336    219 219  7  3  0  0.00000357 0.00005054   17.327918   5.241591 113.174287   3.912076   3.281912 104.671337
  50336    219 219  7  7  0  0.00004459 0.00004694   18.323324   0.084258 110.901530   3.912076   3.281912 104.671337
  50336    219 219  7  3  0  0.00000233 0.00004694   18.323324   0.084258 110.901530   3.912076   3.281912 104.671337
  50336    219 219  7  7  0  0.00004064 0.00004459   18.576947   0.086837 109.886724   3.912076   3.281912 104.671337
  50336    219 219  7  3  0  0.00000393 0.00004459   18.576947   0.086837 109.886724   3.912076   3.281912 104.671337
  50992    219 219  7  7  0  0.00007674 0.00007688   17.035253  -1.683247 102.911097   5.044304  -3.727670 104.481842
  50992    219 219  7  3  0  0.00000012 0.00007688   17.035253  -1.683247 102.911097   5.044304  -3.727670 104.481842
  51200    219 208  7  7  0  0.00007171 0.00008004   15.311425   0.289973 101.341405   0.331929  -0.285564 103.375513
  51200    219 208  7  3  0  0.00000832 0.00008004   15.311425   0.289973 101.341405   0.331929  -0.285564 103.375513
  51200    219 219  7  7  0  0.00005839 0.00007171   15.343045   0.395682 101.423059   0.331929  -0.285564 103.375513
  51200    219 219  7  3  0  0.00001329 0.00007171   15.343045   0.395682 101.423059   0.331929  -0.285564 103.375513
  51349    219 300  7  7  0  0.00029046 0.03541112   20.978516   1.653941 108.505653  -0.593903   0.112590 100.852848
  51349    219 300  7  3  0  0.00193278 0.03541112   20.978516   1.653941 108.505653  -0.593903   0.112590 100.852848
  51349    219 219  7  7  0  0.00020674 0.00029046   19.135348   1.467202 108.722378  -0.593903   0.112590 100.852848
  51349    219 219  7  3  0  0.00008370 0.00029046   19.135348   1.467202 108.722378  -0.593903   0.112590 100.852848
  52211    219 219  7  7  0  0.00165133 0.00170902   19.914169   5.361091 109.007583   2.306471   0.650806 105.483843
  52211    219 219  7  3  0  0.00005740 0.00170902   19.914169   5.361091 109.007583   2.306471   0.650806 105.483843
  54546    219 208  7  7  0  0.00003844 0.00003978   16.380004   1.334065 106.553645   0.154434   1.708538 100.709231
  54546    219 208  7  3  0  0.00000132 0.00003978   16.380004   1.334065 106.553645   0.154434   1.708538 100.709231
  54546    219 219  7  7  0  0.00003645 0.00003844   18.084502   0.612392 108.727554   0.154434   1.708538 100.709231
  54546    219 219  7  3  0  0.00000198 0.00003844   18.084502   0.612392 108.727554   0.154434   1.708538 100.709231
  54546    221 219  7  3  0  0.00003604 0.00003645   17.706348  -1.407526 109.435085   0.154434   1.708538 100.709231
  54563    219 219  7  7  0  0.00044908 0.00066113   17.350627   2.369817 102.777203   6.639617  -4.745347 109.575317
  54563    219 219  7  3  0  0.00021204 0.00066113   17.350627   2.369817 102.777203   6.639617  -4.745347 109.575317
  54563    219 225  7  7  0  0.00020875 0.00044908   18.662825   1.773708 100.221892   6.639617  -4.745347 109.575317
  54563    219 225  7  3  0  0.00024031 0.00044908   18.662825   1.773708 100.221892   6.639617  -4.745347 109.575317
  54563    219 219  7  7  0  0.00012681 0.00020875   18.144288   0.953858 100.518244   6.639617  -4.745347 109.575317
  54563    219 219  7  3  0  0.00008165 0.00020875   18.144288   0.953858 100.518244   6.639617  -4.745347 109.575317
  54563    219 219  7  7  0  0.00009985 0.00012681   17.586536   2.384172 101.158317   6.639617  -4.745347 109.575317
  54563    219 219  7  3  0  0.00002642 0.00012681   17.586536   2.384172 101.158317   6.639617  -4.745347 109.575317
  54563    219 219  7  7  0  0.00009639 0.00009985   17.037235   1.057277 100.445788   6.639617  -4.745347 109.575317
  54563    219 219  7  3  0  0.00000345 0.00009985   17.037235   1.057277 100.445788   6.639617  -4.745347 109.575317
  57017    219 300  7  7  0  0.00024165 0.01071722   21.539925  -6.792388 111.181604   0.128241   0.252616 102.717272
  57017    219 300  7  3  0  0.00198158 0.01071722   21.539925  -6.792388 111.181604   0.128241   0.252616 102.717272
  57017    219 219  7  7  0  0.00020234 0.00024165   20.601513   1.632998 108.076262   0.128241   0.252616 102.717272
  57017    219 219  7  3  0  0.00003930 0.00024165   20.601513   1.632998 108.076262   0.128241   0.252616 102.717272
  57310    219 219  7  7  0  0.00041278 0.00044579   19.443002  -6.976165 111.581889   5.423599   0.070763 104.411637
  57310    219 219  7  3  0  0.00003300 0.00044579   19.443002  -6.976165 111.581889   5.423599   0.070763 104.411637
  57749    219 106  7  7  1  0.00052694 0.00442680   16.405564  -2.866560 101.455679  -0.550127   0.171304 105.167645
  57749    219 106  7  3  1  0.00389985 0.00442680   16.405564  -2.866560 101.455679  -0.550127   0.171304 105.167645
  57749    219 219  7  7  1  0.00030892 0.00052694   18.589630  -6.862829 108.218704  -0.550127   0.171304 105.167645
  57749    219 219  7  3  1  0.00021772 0.00052694   18.589630  -6.862829 108.218704  -0.550127   0.171304 105.167645
  57749    219 208  7  7  1  0.00021048 0.00052694   17.686395  -2.794744 100.701262  -0.550127   0.171304 105.167645
  57749    219 208  7  3  1  0.00000869 0.00052694   17.686395  -2.794744 100.701262  -0.550127   0.171304 105.167645
  58126    219 106  7  7  1  0.00079759 0.00209087   20.691776   5.345204 101.835394  -0.071737   0.096094 106.660646
  58126    219 106  7  3  1  0.00129328 0.00209087   20.691776   5.345204 101.835394  -0.071737   0.096094 106.660646
  58696    219 219  7  7  0  0.00011002 0.00014511   18.390853   5.486802 101.378962   5.055494  -2.600098 108.566725
  58696    219 219  7  3  0  0.00003506 0.00014511   18.390853   5.486802 101.378962   5.055494  -2.600098 108.566725
  58696    219 219  7  7  0  0.00010111 0.00011002   18.533878   5.532996 101.854549   5.055494  -2.600098 108.566725
  58696    219 219  7  3  0  0.00000890 0.00011002   18.533878   5.532996 101.854549   5.055494  -2.600098 108.566725
  58696    219 219  7  7  0  0.00008901 0.00010111   22.199114   0.193875 105.729773   5.055494  -2.600098 108.566725
  58696    219 219  7  3  0  0.00001208 0.00010111   22.199114   0.193875 105.729773   5.055494  -2.600098 108.566725
  59370    219 219  7  7  0  0.00076218 0.00384022   22.265019  -4.097997 106.889958   1.605420  -1.205612 103.118381
  59370    219 219  7  3  0  0.00307803 0.00384022   22.265019  -4.097997 106.889958   1.605420  -1.205612 103.118381
  61200    219 106  7  7  1  0.00305784 0.00338533   21.776593  -4.525079 107.727762   0.684359  -0.536025 101.354345
  61200    219 106  7  3  1  0.00032748 0.00338533   21.776593  -4.525079 107.727762   0.684359  -0.536025 101.354345
  62686    219 219  7  7  0  0.00013133 0.00015811   16.136135  -1.218745 102.391772   3.586948  -2.760910 102.673664
  62686    219 219  7  3  0  0.00002676 0.00015811   16.136135  -1.218745 102.391772   3.586948  -2.760910 102.673664
  62686    219 219  7  7  0  0.00010299 0.00013133   20.339632  -2.559040 112.838445   3.586948  -2.760910 102.673664
  62686    219 219  7  3  0  0.00002805 0.00013133   20.339632  -2.559040 112.838445   3.586948  -2.760910 102.673664
  62686    219 219  7  7  0  0.00007938 0.00010299   20.690043  -1.731171 112.841563   3.586948  -2.760910 102.673664
  62686    219 219  7  3  0  0.00002321 0.00010299   20.690043  -1.731171 112.841563   3.586948  -2.760910 102.673664
  63410    219 300  7  7  0  0.00016154 0.00701634   19.551129  -5.173211 108.374387  -1.773620   0.495423 105.573633
  63410    219 300  7  3  0  0.00021631 0.00701634   19.551129  -5.173211 108.374387  -1.773620   0.495423 105.573633
  63410    219 219  7  7  0  0.00010900 0.00016154   18.751946  -4.872846 108.859355  -1.773620   0.495423 105.573633
  63410    219 219  7  3  0  0.00005226 0.00016154   18.751946  -4.872846 108.859355  -1.773620   0.495423 105.573633
  63410    219 219  7  7  0  0.00008743 0.00010900   18.893761  -4.939733 108.925001  -1.773620   0.495423 105.573633
  63410    219 219  7  3  0  0.00002156 0.00010900   18.893761  -4.939733 108.925001  -1.773620   0.495423 105.573633
  63410    219 219  7  7  0  0.00006659 0.00008743   18.709283  -1.148169 110.062969  -1.773620   0.495423 105.573633
  63410    219 219  7  3  0  0.00002082 0.00008743   18.709283  -1.148169 110.062969  -1.773620   0.495423 105.573633
  63410    219 219  7  7  0  0.00006316 0.00006659   18.167832  -2.945001 110.343597  -1.773620   0.495423 105.573633
  63410    219 219  7  3  0  0.00000340 0.00006659   18.167832  -2.945001 110.343597  -1.773620   0.495423 105.573633
  64434    219 106  7  7  1  0.00117636 0.00456241   19.063519   1.194391 105.141648  -0.905842   0.155886 105.401946
  64434    219 106  7  3  1  0.00338603 0.00456241   19.063519   1.194391 105.141648  -0.905842   0.155886 105.401946
  67329    219 106  7  7  1  0.00063227 0.00646921   21.921656   5.439229 104.876805  -0.402450  -0.245470 103.216756
  67329    219 106  7  3  1  0.00583692 0.00646921   21.921656   5.439229 104.876805  -0.402450  -0.245470 103.216756
  68386    219 106  7  7  1  0.00035836 0.00523992   15.800378   5.047960 109.214301  -1.128645  -0.022585 105.520347
  68386    219 106  7  3  1  0.00488154 0.00523992   15.800378   5.047960 109.214301  -1.128645  -0.022585 105.520347
  68931    219 300  7  7  0  0.00100165 0.00222325   20.456372   0.001945 112.984500   1.877336   4.242594 103.888369
  68931    219 300  7  3  0  0.00122158 0.00222325   20.456372   0.001945 112.984500   1.877336   4.242594 103.888369
  69239    219 106  7  7  1  0.00176477 0.00246453   15.309002   0.456289 107.562765  -0.497081   0.671376 101.891012
  69239    219 106  7  3  1  0.00069975 0.00246453   15.309002   0.456289 107.562765  -0.497081   0.671376 101.891012
  70945    219 106  7  7  1  0.00156883 0.00444482   19.491324   1.656606 108.877576  -1.041556   1.125583 104.310274
  70945    219 106  7  3  1  0.00287597 0.00444482   19.491324   1.656606 108.877576  -1.041556   1.125583 104.310274
  70945    219 219  7  7  1  0.00075454 0.00156883   20.298394   2.155114 108.702611  -1.041556   1.125583 104.310274
  70945    219 219  7  3  1  0.00081428 0.00156883   20.298394   2.155114 108.702611  -1.041556   1.125583 104.310274
  72272    219 219  7  7  0  0.00028813 0.00045494   15.685855  -2.936369 108.904836   2.858886  -1.177103 100.184657
  72272    219 219  7  3  0  0.00016652 0.00045494   15.685855  -2.936369 108.904836   2.858886  -1.177103 100.184657
  72272    219 219  7  7  0  0.00022477 0.00028813   16.029548  -2.060700 109.202063   2.858886  -1.177103 100.184657
  72272    219 219  7  3  0  0.00006335 0.00028813   16.029548  -2.060700 109.202063   2.858886  -1.177103 100.184657
  72272    219 219  7  7  0  0.00015775 0.00022477   20.771826  -1.774465 111.641694   2.858886  -1.177103 100.184657
  72272    219 219  7  3  0  0.00006674 0.00022477   20.771826  -1.774465 111.641694   2.858886  -1.177103 100.184657
  72272    219 219  7  7  0  0.00014772 0.00015775   20.070007  -0.872676 113.145383   2.858886  -1.177103 100.184657
  72272    219 219  7  3  0  0.00000948 0.00015775   20.070007  -0.872676 113.145383   2.858886  -1.177103 100.184657
  72394    219 219  7  7  0  0.00019490 0.00028645   19.303183  -3.871086 112.810475  -0.734122   2.109015 103.693703
  72394    219 219  7  3  0  0.00009153 0.00028645   19.303183  -3.871086 112.810475  -0.734122   2.109015 103.693703
  72595    219 106  7  7  1  0.00129118 0.00197062   17.155218   3.818437 105.793684   0.613773   0.404895 104.349131
  72595    219 106  7  3  1  0.00067904 0.00197062   17.155218   3.818437 105.793684   0.613773   0.404895 104.349131
  74591    219 106  7  7  1  0.00035085 0.00711852   15.370746   4.833983 109.707675   0.181357   0.681333 106.496632
  74591    219 106  7  3  1  0.00676765 0.00711852   15.370746   4.833983 109.707675   0.181357   0.681333 106.496632
  75089    219 106  7  7  1  0.00130752 0.00435628   18.961240   1.637977 107.852477   2.996213   1.504515 110.766436
  75089    219 106  7  3  1  0.00304874 0.00435628   18.961240   1.637977 107.852477   2.996213   1.504515 110.766436
  75723    219 219  7  7  0  0.00066690 0.00071207   20.011464  -6.967817 102.936326   0.442325  -0.769143 104.605357
  75723    219 219  7  3  0  0.00004515 0.00071207   20.011464  -6.967817 102.936326   0.442325  -0.769143 104.605357
  79333    219 215  7  7  0  0.00020385 0.00051014   18.397056  -5.872805 100.343384   0.300341   0.265435 103.496931
  79333    219 215  7  3  0  0.00030770 0.00051014   18.397056  -5.872805 100.343384   0.300341   0.265435 103.496931
  79333    219 219  7  7  0  0.00013432 0.00020385   17.817447   0.233687 104.700337   0.300341   0.265435 103.496931
  79333    219 219  7  3  0  0.00006951 0.00020385   17.817447   0.233687 104.700337   0.300341   0.265435 103.496931
  80470    219 219  7  7  0  0.00045577 0.00050193   19.077311   6.013016 107.417573   4.667792   1.065578 105.254662
  80470    219 219  7  3  0  0.00004587 0.00050193   19.077311   6.013016 107.417573   4.667792   1.065578 105.254662
  80547    219 219  7  7  0  0.00025009 0.00030018   16.114015   3.674249 101.512463   1.828660   2.790952 112.629968
  80547    219 219  7  3  0  0.00005009 0.00030018   16.114015   3.674249 101.512463   1.828660   2.790952 112.629968
  80547    219 219  7  7  0  0.00024921 0.00025009   16.606822   4.089036 101.469643   1.828660   2.790952 112.629968
  80547    219 219  7  3  0  0.00000087 0.00025009   16.606822   4.089036 101.469643   1.828660   2.790952 112.629968
  80827    219 219  7  7  0  0.00027043 0.00027404   15.854333   0.196048 110.932442   3.848003  -0.185614 105.488382
  80827    219 219  7  3  0  0.00000333 0.00027404   15.854333   0.196048 110.932442   3.848003  -0.185614 105.488382
  84756    219 219  7  7  0  0.00007190 0.00009675   16.892547  -0.141864 108.857993   0.785203  -1.470359 103.341568
  84756    219 219  7  3  0  0.00002484 0.00009675   16.892547  -0.141864 108.857993   0.785203  -1.470359 103.341568
  84756    219 219  7  7  0  0.00005259 0.00007190   16.551575  -0.324495 108.454640   0.785203  -1.470359 103.341568
  84756    219 219  7  3  0  0.00001902 0.00007190   16.551575  -0.324495 108.454640   0.785203  -1.470359 103.341568
  84756    219 219  7  7  0  0.00004905 0.00005259   17.158071  -0.530917 109.424627   0.785203  -1.470359 103.341568
  84756    219 219  7  3  0  0.00000326 0.00005259   17.158071  -0.530917 109.424627   0.785203  -1.470359 103.341568
  84756    219 219  7  7  0  0.00004566 0.00004905   18.421180  -5.192145 110.041588   0.785203  -1.470359 103.341568
  84756    219 219  7  3  0  0.00000310 0.00004905   18.421180  -5.192145 110.041588   0.785203  -1.470359 103.341568
  85360    219 219  7  7  0  0.00326482 0.00438680   19.053602  -0.130727 111.534106   6.712701   0.481478 107.971782
  85360    219 219  7  3  0  0.00112197 0.00438680   19.053602  -0.130727 111.534106   6.712701   0.481478 107.971782
  90548    219 219  7  7  0  0.00060522 0.00095364   18.608003   2.125506 108.397014   3.440818  -0.275023 102.873331
  90548    219 219  7  3  0  0.00034841 0.00095364   18.608003   2.125506 108.397014   3.440818  -0.275023 102.873331
  93136    219 208  7  7  0  0.00003959 0.00004399   16.779015  -5.261811 107.131563   0.152034  -0.341405 100.125657
  93136    219 208  7  3  0  0.00000412 0.00004399   16.779015  -5.261811 107.131563   0.152034  -0.341405 100.125657
  96470    219 219  7  7  0  0.00012467 0.00023820   19.462276   1.152225 101.973137   7.024361  -2.015760 102.570516
  96470    219 219  7  3  0  0.00011351 0.00023820   19.462276   1.152225 101.973137   7.024361  -2.015760 102.570516
  96470    219 219  7  7  0  0.00008354 0.00012467   15.387547   0.767702 102.196879   7.024361  -2.015760 102.570516
  96470    219 219  7  3  0  0.00004111 0.00012467   15.387547   0.767702 102.196879   7.024361  -2.015760 102.570516
  96470    219 219  7  7  0  0.00006295 0.00008354   16.088399   0.650697 102.233240   7.024361  -2.015760 102.570516
  96470    219 219  7  3  0  0.00002058 0.00008354   16.088399   0.650697 102.233240   7.024361  -2.015760 102.570516
  97923    219 300  7  7  0  0.00046745 0.00222325   18.875319  -5.382046 112.080125   5.542992   5.248005 107.098687
  97923    219 300  7  3  0  0.00175540 0.00222325   18.875319  -5.382046 112.080125   5.542992   5.248005 107.098687
  99802    219 219  7  7  0  0.00008114 0.00008129   15.535923  -0.739011 102.566343   1.756636  -2.466777 100.584795
  99802    219 219  7  3  0  0.00000013 0.00008129   15.535923  -0.739011 102.566343   1.756636  -2.466777 100.584795
 101676    219 219  7  7  0  0.00011876 0.00012204   15.937313   3.405516 102.221354  -0.911754   3.653350 106.232638
 101676    219 219  7  3  0  0.00000299 0.00012204   15.937313   3.405516 102.221354  -0.911754   3.653350 106.232638
 101676    219 219  7  7  0  0.00009178 0.00011876   16.565302   3.767547 102.318678  -0.911754   3.653350 106.232638
 101676    219 219  7  3  0  0.00002697 0.00011876   16.565302   3.767547 102.318678  -0.911754   3.653350 106.232638
 103307    219 219  7  7  0  0.00005505 0.00005749   16.057754  -0.896662 109.139651   4.779875   0.853091 109.740376
 103307    219 219  7  3  0  0.00000243 0.00005749   16.057754  -0.896662 109.139651   4.779875   0.853091 109.740376
 103307    219 219  7  7  0  0.00004557 0.00005505   17.275352  -0.295683 107.833445   4.779875   0.853091 109.740376
 103307    219 219  7  3  0  0.00000946 0.00005505   17.275352  -0.295683 107.833445   4.779875   0.853091 109.740376
 103307    219 219  7  7  0  0.00003872 0.00004557   15.949033  -3.107992 113.876815   4.779875   0.853091 109.740376
 103307    219 219  7  3  0  0.00000632 0.00004557   15.949033  -3.107992 113.876815   4.779875   0.853091 109.740376
 103307    221 219  7  3  0  0.00003843 0.00003872   17.013954   0.792931 112.787845   4.779875   0.853091 109.740376
 106427    219 106  7  7  1  0.00039899 0.00489149   19.362450   0.384922 114.089804  -0.312538  -0.013480 100.909156
 106427    219 106  7  3  1  0.00449196 0.00489149   19.362450   0.384922 114.089804  -0.312538  -0.013480 100.909156
 108715    219 219  7  7  0  0.00025735 0.00148025   18.349366   5.974002 101.558874   2.743820   3.419289 106.087714
 108715    219 219  7  3  0  0.00122289 0.00148025   18.349366   5.974002 101.558874   2.743820   3.419289 106.087714
 109470    219 219  7  7  0  0.00019238 0.00051791   21.955612  -1.438581 108.638054   2.177697  -0.635736 104.669709
 109470    219 219  7  3  0  0.00032552 0.00051791   21.955612  -1.438581 108.638054   2.177697  -0.635736 104.669709
 109769    219 106  7  7  1  0.00385591 0.00444836   19.461878   6.517090 104.325573  -0.176085   0.797113 101.083010
 109769    219 106  7  3  1  0.00059216 0.00444836   19.461878   6.517090 104.325573  -0.176085   0.797113 101.083010
 110011    219 219  7  7  0  0.00100232 0.00193756   17.298641  -2.965365 105.251426   6.316700  -2.046805 109.236226
 110011    219 219  7  3  0  0.00093523 0.00193756   17.298641  -2.965365 105.251426   6.316700  -2.046805 109.236226
 110272    219 106  7  7  1  0.00151108 0.00196921   15.144465   2.657249 108.968624   0.290098   0.459054 102.669330
 110272    219 106  7  3  1  0.00045785 0.00196921   15.144465   2.657249 108.968624   0.290098   0.459054 102.669330
 111331    219 300  7  7  0  0.00213032 0.00148981   16.271937  -3.696928 102.552567   0.537600   1.602746 102.182722
 111331    219 300  7  3  0  0.00009264 0.00148981   16.271937  -3.696928 102.552567   0.537600   1.602746 102.182722
 111576    219 219  7  7  0  0.00023893 0.00032705   21.082052   3.454008 111.508973   6.754912   5.630428 107.527773
 111576    219 219  7  3  0  0.00008811 0.00032705   21.082052   3.454008 111.508973   6.754912   5.630428 107.527773
 111576    219 219  7  7  0  0.00018551 0.00023893   21.619033   4.516808 112.611786   6.754912   5.630428 107.527773
 111576    219 219  7  3  0  0.00005341 0.00023893   21.619033   4.516808 112.611786   6.754912   5.630428 107.527773
 112238    219 106  7  7  1  0.00065807 0.00612826   16.611685  -0.618938 101.321217   0.739985   0.179001 106.564749
 112238    219 106  7  3  1  0.00547017 0.00612826   16.611685  -0.618938 101.321217   0.739985   0.179001 106.564749
 112511    219 219  7  7  0  0.00393704 0.00487974   15.467410   6.605686 102.761623   3.713661   2.185906 104.719621
 112511    219 219  7  3  0  0.00094268 0.00487974   15.467410   6.605686 102.761623   3.713661   2.185906 104.719621
 112571    219 106  7  7  1  0.00022838 0.00201243   18.824442   1.929436 102.745548   1.258941   0.044953 102.098395
 112571    219 106  7  3  1  0.00178404 0.00201243   18.824442   1.929436 102.745548   1.258941   0.044953 102.098395
 112571    219 219  7  7  1  0.00017765 0.00022838   18.525972   1.869452 102.673764   1.258941   0.044953 102.098395
 112571    219 219  7  3  1  0.00005072 0.00022838   18.525972   1.869452 102.673764   1.258941   0.044953 102.098395
 112571    219 219  7  7  1  0.00014588 0.00017765   16.868206   3.477026 103.979009   1.258941   0.044953 102.098395
 112571    219 219  7  3  1  0.00003176 0.00017765   16.868206   3.477026 103.979009   1.258941   0.044953 102.098395
 112571    219 219  7  7  1  0.00014210 0.00014588   15.065606   3.665631 103.036407   1.258941   0.044953 102.098395
 112571    219 219  7  3  1  0.00000377 0.00014588   15.065606   3.665631 103.036407   1.258941   0.044953 102.098395
 112819    219 219  7  7  0  0.00022288 0.00026837   17.168833  -2.232175 102.408004   3.191066   6.598572 100.944224
 112819    219 219  7  3  0  0.00004546 0.00026837   17.168833  -2.232175 102.408004   3.191066   6.598572 100.944224
 112819    219 219  7  7  0  0.00021087 0.00022288   20.623604  -2.658753 107.033346   3.191066   6.598572 100.944224
 112819    219 219  7  3  0  0.00001200 0.00022288   20.623604  -2.658753 107.033346   3.191066   6.598572 100.944224
 112819    219 219  7  7  0  0.00014091 0.00021087   21.863020  -2.853884 107.545181   3.191066   6.598572 100.944224
 112819    219 219  7  3  0  0.00006967 0.00021087   21.863020  -2.853884 107.545181   3.191066   6.598572 100.944224
 112819    219 219  7  7  0  0.00013880 0.00014091   22.168282  -3.351672 106.535460   3.191066   6.598572 100.944224
 112819    219 219  7  3  0  0.00000209 0.00014091   22.168282  -3.351672 106.535460   3.191066   6.598572 100.944224
 113213    219 219  7  7  0  0.00031234 0.00033967   19.236021  -4.845508 103.392985   1.992988   1.253311 110.556521
 113213    219 219  7  3  0  0.00002732 0.00033967   19.236021  -4.845508 103.392985   1.992988   1.253311 110.556521
 114571    219 106  7  7  1  0.00025359 0.00430931   19.161082   4.930845 110.070284   0.423206  -0.833477 104.957357
 114571    219 106  7  3  1  0.00405570 0.00430931   19.161082   4.930845 110.070284   0.423206  -0.833477 104.957357
 114571    219 208  7  7  1  0.00004322 0.00025359   20.721049   7.475284 114.214733   0.423206  -0.833477 104.957357
 114571    219 208  7  3  1  0.00000678 0.00025359   20.721049   7.475284 114.214733   0.423206  -0.833477 104.957357
 114571    219 219  7  7  1  0.00004203 0.00004322   20.635082   7.455954 114.189686   0.423206  -0.833477 104.957357
 114571    219 219  7  3  1  0.00000090 0.00004322   20.635082   7.455954 114.189686   0.423206  -0.833477 104.957357
 114571    219 219  7  7  1  0.00003782 0.00004203   20.297382   6.213270 113.273851   0.423206  -0.833477 104.957357
 114571    219 219  7  3  1  0.00000393 0.00004203   20.297382   6.213270 113.273851   0.423206  -0.833477 104.957357
 115291    219 215  7  7  0  0.00023696 0.00051086   20.332517   5.733719 101.729389  -1.142709  -1.103038 103.910880
 115291    219 215  7  3  0  0.00027389 0.00051086   20.332517   5.733719 101.729389  -1.142709  -1.103038 103.910880
 115291    219 219  7  7  0  0.00017051 0.00023696   20.460780   4.575961 101.407247  -1.142709  -1.103038 103.910880
 115291    219 219  7  3  0  0.00006643 0.00023696   20.460780   4.575961 101.407247  -1.142709  -1.103038 103.910880
 116064    219 106  7  7  1  0.00031501 0.00164434   20.376901   3.133923 106.560343   2.400683   3.199166 104.872397
 116064    219 106  7  3  1  0.00132931 0.00164434   20.376901   3.133923 106.560343   2.400683   3.199166 104.872397
 116064    219 219  7  7  1  0.00027780 0.00031501   19.154368   4.687396 101.487248   2.400683   3.199166 104.872397
 116064    219 219  7  3  1  0.00003693 0.00031501   19.154368   4.687396 101.487248   2.400683   3.199166 104.872397
 117684    219 106  7  7  1  0.00174465 0.00448137   20.164813  -5.445266 104.719358   0.458862   0.331395 105.879513
 117684    219 106  7  3  1  0.00273671 0.00448137   20.164813  -5.445266 104.719358   0.458862   0.331395 105.879513
 117931    219 219  7  7  0  0.00006135 0.00006143   16.010465   0.065187 102.612782  -0.621987   0.319157 106.113098
 117931    219 219  7  3  0  0.00000006 0.00006143   16.010465   0.065187 102.612782  -0.621987   0.319157 106.113098
 117931    219 219  7  7  0  0.00005068 0.00006135   18.598262  -0.388537 102.242583  -0.621987   0.319157 106.113098
 117931    219 219  7  3  0  0.00001065 0.00006135   18.598262  -0.388537 102.242583  -0.621987   0.319157 106.113098
 120232    219 106  7  7  1  0.00062762 0.00071835   19.173780   1.647684 107.240269   0.200789  -1.037195 106.041611
 120232    219 106  7  3  1  0.00009045 0.00071835   19.173780   1.647684 107.240269   0.200789  -1.037195 106.041611
 121200    219 106  7  7  1  0.00229716 0.00447853   17.263992   0.509891 106.196869  -0.533649  -0.624412 103.156901
 121200    219 106  7  3  1  0.00218135 0.00447853   17.263992   0.509891 106.196869  -0.533649  -0.624412 103.156901
 121985    219 106  7  7  1  0.00113568 0.00198839   17.745377   6.084861 109.206160  -0.700739   0.902181 101.711928
 121985    219 106  7  3  1  0.00085270 0.00198839   17.745377   6.084861 109.206160  -0.700739   0.902181 101.711928
 125100    219 106  7  7  1  0.00133971 0.00477604   22.475843   5.676105 104.110700   1.652664   0.577507 105.756643
 125100    219 106  7  3  1  0.00343632 0.00477604   22.475843   5.676105 104.110700   1.652664   0.577507 105.756643
 126424    219 208  7  7  0  0.00007309 0.00007567   16.064607  -0.725421 101.409223  -0.140747   0.662110 100.435038
 126424    219 208  7  3  0  0.00000257 0.00007567   16.064607  -0.725421 101.409223  -0.140747   0.662110 100.435038
 126424    221 219  7  3  0  0.00007307 0.00007309   16.692952  -0.892553 102.190925  -0.140747   0.662110 100.435038
 126663    219 106  7  7  1  0.00531513 0.00617407   20.467095   5.563599 112.013475  -0.404594   0.487960 100.359037
 126663    219 106  7  3  1  0.00085893 0.00617407   20.467095   5.563599 112.013475  -0.404594   0.487960 100.359037
 126663    219 219  7  7  1  0.00037724 0.00531513   22.263018   5.661762 113.039664  -0.404594   0.487960 100.359037
 126663    219 219  7  3  1  0.00493789 0.00531513   22.263018   5.661762 113.039664  -0.404594   0.487960 100.359037
 126663    219 219  7  7  1  0.00033448 0.00037724   21.805425   7.176533 112.881923  -0.404594   0.487960 100.359037
 126663    219 219  7  3  1  0.00004274 0.00037724   21.805425   7.176533 112.881923  -0.404594   0.487960 100.359037
 127340    219 219  7  7  0  0.00005607 0.00006256   22.422192   0.119819 107.920150   6.890148  -2.570009 106.662961
 127340    219 219  7  3  0  0.00000647 0.00006256   22.422192   0.119819 107.920150   6.890148  -2.570009 106.662961
 127430    219 219  7  7  0  0.00017800 0.00033786   15.344699   4.785286 108.847459  -0.112301   0.438432 107.067029
 127430    219 219  7  3  0  0.00015985 0.00033786   15.344699   4.785286 108.847459  -0.112301   0.438432 107.067029
 127430    219 219  7  7  0  0.00016575 0.00017800   15.010218   2.036224 109.051232  -0.112301   0.438432 107.067029
 127430    219 219  7  3  0  0.00001223 0.00017800   15.010218   2.036224 109.051232  -0.112301   0.438432 107.067029
 127648    219 219  7  7  0  0.00004498 0.00005320   21.607163   1.530275 114.885892   6.779850  -2.993160 108.795277
 127648    219 219  7  3  0  0.00000821 0.00005320   21.607163   1.530275 114.885892   6.779850  -2.993160 108.795277
 127873    219 101  7  7  1  0.00145021 0.00349857   15.361914  -6.139072 107.121903  -0.965755   0.798388 103.900557
 127873    219 101  7  3  1  0.00204835 0.00349857   15.361914  -6.139072 107.121903  -0.965755   0.798388 103.900557
 128213    219 106  7  7  1  0.00027709 0.00274867   22.017082   0.225961 103.295450   1.846535   4.217725 100.991720
 128213    219 106  7  3  1  0.00247157 0.00274867   22.017082   0.225961 103.295450   1.846535   4.217725 100.991720
 128213    219 219  7  7  1  0.00020582 0.00027709   19.918521   3.689453 101.906891   1.846535   4.217725 100.991720
 128213    219 219  7  3  1  0.00007126 0.00027709   19.918521   3.689453 101.906891   1.846535   4.217725 100.991720
 128213    219 219  7  7  1  0.00013798 0.00020582   15.369853   4.140459 104.261503   1.846535   4.217725 100.991720
 128213    219 219  7  3  1  0.00006783 0.00020582   15.369853   4.140459 104.261503   1.846535   4.217725 100.991720
 128213    219 219  7  7  1  0.00012280 0.00013798   15.440525   3.466016 104.256041   1.846535   4.217725 100.991720
 128213    219 219  7  3  1  0.00001489 0.00013798   15.440525   3.466016 104.256041   1.846535   4.217725 100.991720
 128213    219 219  7  7  1  0.00011317 0.00012280   15.039522   1.827792 101.972800   1.846535   4.217725 100.991720
 128213    219 219  7  3  1  0.00000962 0.00012280   15.039522   1.827792 101.972800   1.846535   4.217725 100.991720
 128902    219 219  7  7  0  0.00017771 0.00025864   15.826085   4.956920 107.458690   6.149540  -3.829236 106.100174
 128902    219 219  7  3  0  0.00008092 0.00025864   15.826085   4.956920 107.458690   6.149540  -3.829236 106.100174
 128902    219 219  7  7  0  0.00011172 0.00017771   15.891460   5.490760 105.652462   6.149540  -3.829236 106.100174
 128902    219 219  7  3  0  0.00006598 0.00017771   15.891460   5.490760 105.652462   6.149540  -3.829236 106.100174
 128902    219 219  7  7  0  0.00010511 0.00011172   15.942565   5.898651 106.389250   6.149540  -3.829236 106.100174
 128902    219 219  7  3  0  0.00000660 0.00011172   15.942565   5.898651 106.389250   6.149540  -3.829236 106.100174
 128902    219 219  7  7  0  0.00008883 0.00010511   15.082298   6.551943 107.188311   6.149540  -3.829236 106.100174
 128902    219 219  7  3  0  0.00001599 0.00010511   15.082298   6.551943 107.188311   6.149540  -3.829236 106.100174
 129779    219 219  7  7  0  0.00018272 0.00040249   22.032512   3.332615 112.609669   1.137331   1.495801 104.020079
 129779    219 219  7  3  0  0.00021975 0.00040249   22.032512   3.332615 112.609669   1.137331   1.495801 104.020079
 129779    219 219  7  7  0  0.00011516 0.00018272   21.108601   2.030552 107.572361   1.137331   1.495801 104.020079
 129779    219 219  7  3  0  0.00006754 0.00018272   21.108601   2.030552 107.572361   1.137331   1.495801 104.020079
 129779    219 219  7  7  0  0.00010476 0.00011516   21.554196   0.822336 109.114926   1.137331   1.495801 104.020079
 129779    219 219  7  3  0  0.00001039 0.00011516   21.554196   0.822336 109.114926   1.137331   1.495801 104.020079
 132915    219 106  7  7  1  0.00077445 0.00444090   18.063607  -0.432724 106.341624  -0.244616  -0.459314 105.233097
 132915    219 106  7  3  1  0.00366617 0.00444090   18.063607  -0.432724 106.341624  -0.244616  -0.459314 105.233097
 133186    219 219  7  7  0  0.00122743 0.00209180   15.109049  -5.811696 102.387953   6.330110  -2.438868 104.276687
 133186    219 219  7  3  0  0.00086435 0.00209180   15.109049  -5.811696 102.387953   6.330110  -2.438868 104.276687
 133264    219 219  7  7  0  0.00013726 0.00028494   16.757304   1.792463 101.174145   4.845605   2.059941 107.535788
 133264    219 219  7  3  0  0.00014739 0.00028494   16.757304   1.792463 101.174145   4.845605   2.059941 107.535788
 133264    219 219  7  7  0  0.00009856 0.00013726   16.709191   1.826726 101.237401   4.845605   2.059941 107.535788
 133264    219 219  7  3  0  0.00003869 0.00013726   16.709191   1.826726 101.237401   4.845605   2.059941 107.535788
 134885    219 219  7  7  0  0.00117597 0.00192883   18.415767   6.264283 113.919902   6.057975   1.010985 107.670436
 134885    219 219  7  3  0  0.00075284 0.00192883   18.415767   6.264283 113.919902   6.057975   1.010985 107.670436
 134931    219 219  7  7  0  0.00067859 0.00071881   15.670853  -6.170595 113.789596   0.612806  -0.814562 105.105730
 134931    219 219  7  3  0  0.00004020 0.00071881   15.670853  -6.170595 113.789596   0.612806  -0.814562 105.105730
 135804    219 219  7  7  0  0.00024186 0.00032849   18.509390  -6.236639 112.556906   6.118171  -4.583656 104.453782
 135804    219 219  7  3  0  0.00008662 0.00032849   18.509390  -6.236639 112.556906   6.118171  -4.583656 104.453782
 138500    219 219  7  7  0  0.00012295 0.00014430   17.882296  -1.927979 107.088901   5.417047   0.045244 108.951977
 138500    219 219  7  3  0  0.00002133 0.00014430   17.882296  -1.927979 107.088901   5.417047   0.045244 108.951977
 138500    219 219  7  7  0  0.00008617 0.00012295   17.923213  -1.864971 107.069779   5.417047   0.045244 108.951977
 138500    219 219  7  3  0  0.00003649 0.00012295   17.923213  -1.864971 107.069779   5.417047   0.045244 108.951977
 138500    219 219  7  7  0  0.00008079 0.00008617   17.523279  -3.561625 105.659771   5.417047   0.045244 108.951977
 138500    219 219  7  3  0  0.00000537 0.00008617   17.523279  -3.561625 105.659771   5.417047   0.045244 108.951977
 138500    219 219  7  7  0  0.00007078 0.00008079   18.329456  -3.727837 101.283790   5.417047   0.045244 108.951977
 138500    219 219  7  3  0  0.00001000 0.00008079   18.329456  -3.727837 101.283790   5.417047   0.045244 108.951977
 138500    219 219  7  7  0  0.00006247 0.00007078   17.391551  -3.074370 100.836475   5.417047   0.045244 108.951977
 138500    219 219  7  3  0  0.00000829 0.00007078   17.391551  -3.074370 100.836475   5.417047   0.045244 108.951977
 138500    219 219  7  7  0  0.00005224 0.00006247   20.487636   3.987774 104.638920   5.417047   0.045244 108.951977
 138500    219 219  7  3  0  0.00000995 0.00006247   20.487636   3.987774 104.638920   5.417047   0.045244 108.951977
 138500    221 219  7  3  0  0.00005183 0.00005224   21.992798  -0.321256 103.553136   5.417047   0.045244 108.951977
 138514    219 219  7  7  0  0.00016082 0.00017118   15.126898  -5.304477 105.096020  -1.048983  -4.081169 101.574087
 138514    219 219  7  3  0  0.00001007 0.00017118   15.126898  -5.304477 105.096020  -1.048983  -4.081169 101.574087
 138514    219 219  7  7  0  0.00010752 0.00016082   16.383182  -4.488162 105.792184  -1.048983  -4.081169 101.574087
 138514    219 219  7  3  0  0.00005276 0.00016082   16.383182  -4.488162 105.792184  -1.048983  -4.081169 101.574087
 138514    219 219  7  7  0  0.00010479 0.00010752   16.254133  -4.524531 105.842240  -1.048983  -4.081169 101.574087
 138514    219 219  7  3  0  0.00000271 0.00010752   16.254133  -4.524531 105.842240  -1.048983  -4.081169 101.574087
 139546    219 219  7  7  0  0.00004884 0.00005105   20.159254  -4.602383 103.550033   4.920706  -6.795332 106.894405
 139546    219 219  7  3  0  0.00000192 0.00005105   20.159254  -4.602383 103.550033   4.920706  -6.795332 106.894405
 139546    219 219  7  7  0  0.00004757 0.00004884   20.818142  -4.116625 104.234181   4.920706  -6.795332 106.894405
 139546    219 219  7  3  0  0.00000126 0.00004884   20.818142  -4.116625 104.234181   4.920706  -6.795332 106.894405
 139546    219 219  7  7  0  0.00004475 0.00004757   21.715070  -4.300409 107.324843   4.920706  -6.795332 106.894405
 139546    219 219  7  3  0  0.00000280 0.00004757   21.715070  -4.300409 107.324843   4.920706  -6.795332 106.894405
 140124    219 219  7  7  0  0.00080941 0.00113150   19.001016  -0.264258 100.995507   4.688576  -0.058107 104.386145
 140124    219 219  7  3  0  0.00032207 0.00113150   19.001016  -0.264258 100.995507   4.688576  -0.058107 104.386145
 142404    219 219  7  7  0  0.00082457 0.00104790   15.798210   5.743693 105.398659   4.966127   2.014577 100.087705
 142404    219 219  7  3  0  0.00022304 0.00104790   15.798210   5.743693 105.398659   4.966127   2.014577 100.087705
 142882    219 300  7  7  0  0.00024912 0.01269718   21.386696  -3.346644 105.075238   4.083610  -0.262865 104.961178
 142882    219 300  7  3  0  0.00330642 0.01269718   21.386696  -3.346644 105.075238   4.083610  -0.262865 104.961178
 143528    219 219  7  7  0  0.00033944 0.00431452   22.207710  -0.346223 109.400877   3.987512  -0.836514 104.101268
 143528    219 219  7  3  0  0.00397507 0.00431452   22.207710  -0.346223 109.400877   3.987512  -0.836514 104.101268
 143528    219 219  7  7  0  0.00032602 0.00033944   21.028239  -3.520757 108.953884   3.987512  -0.836514 104.101268
 143528    219 219  7  3  0  0.00001340 0.00033944   21.028239  -3.520757 108.953884   3.987512  -0.836514 104.101268
 143528    219 219  7  7  0  0.00027722 0.00032602   20.330509  -4.340420 108.835425   3.987512  -0.836514 104.101268
 143528    219 219  7  3  0  0.00004880 0.00032602   20.330509  -4.340420 108.835425   3.987512  -0.836514 104.101268
 143528    219 219  7  7  0  0.00024485 0.00027722   19.376862  -7.440655 110.856078   3.987512  -0.836514 104.101268
 143528    219 219  7  3  0  0.00003235 0.00027722   19.376862  -7.440655 110.856078   3.987512  -0.836514 104.101268
 145535    219 106  7  7  1  0.00346965 0.00443709   18.452286   6.159009 108.527912   0.889655  -0.968086 103.561650
 145535    219 106  7  3  1  0.00096743 0.00443709   18.452286   6.159009 108.527912   0.889655  -0.968086 103.561650
 146610    219 219  7  7  0  0.00011600 0.00017685   20.785947   6.604746 110.128221   6.086405   4.836892 103.641937
 146610    219 219  7  3  0  0.00006084 0.00017685   20.785947   6.604746 110.128221   6.086405   4.836892 103.641937
 146610    219 219  7  7  0  0.00009092 0.00011600   17.139732   6.000594 112.569947   6.086405   4.836892 103.641937
 146610    219 219  7  3  0  0.00002507 0.00011600   17.139732   6.000594 112.569947   6.086405   4.836892 103.641937
 147047    219 219  7  7  0  0.00013438 0.00027168   18.577577   1.148743 106.500778   6.229107  -3.309730 110.071728
 147047    219 219  7  3  0  0.00013729 0.00027168   18.577577   1.148743 106.500778   6.229107  -3.309730 110.071728
 147253    219 106  7  7  1  0.00369062 0.00451616   21.463903  -6.309832 106.312588  -1.143699  -0.557506 106.256100
 147253    219 106  7  3  1  0.00082526 0.00451616   21.463903  -6.309832 106.312588  -1.143699  -0.557506 106.256100
 148344    219 219  7  7  0  0.00012402 0.00017372   15.163088  -1.618534 104.170409  -4.323083   1.491332 103.248090
 148344    219 219  7  3  0  0.00004941 0.00017372   15.163088  -1.618534 104.170409  -4.323083   1.491332 103.248090
 148787    219 219  7  7  0  0.00020928 0.00091154   21.038623   2.077417 100.051048   1.810550   1.760257 104.370492
 148787    219 219  7  3  0  0.00070224 0.00091154   21.038623   2.077417 100.051048   1.810550   1.760257 104.370492
 150164    219 219  7  7  0  0.00034333 0.00708324   21.620899  -1.299989 110.140318   1.954656  -0.502279 104.953876
 150164    219 219  7  3  0  0.00673989 0.00708324   21.620899  -1.299989 110.140318   1.954656  -0.502279 104.953876
 150164    219 219  7  7  0  0.00033828 0.00034333   21.265180  -1.556983 110.518513   1.954656  -0.502279 104.953876
 150164    219 219  7  3  0  0.00000504 0.00034333   21.265180  -1.556983 110.518513   1.954656  -0.502279 104.953876
 150164    219 219  7  7  0  0.00031693 0.00033828   16.285293  -6.324695 114.470745   1.954656  -0.502279 104.953876
 150164    219 219  7  3  0  0.00002133 0.00033828   16.285293  -6.324695 114.470745   1.954656  -0.502279 104.953876
 150250    219 219  7  7  0  0.00005609 0.00005988   18.243155   1.305448 108.927141  -1.432473   1.786275 106.347927
 150250    219 219  7  3  0  0.00000378 0.00005988   18.243155   1.305448 108.927141  -1.432473   1.786275 106.347927
 150250    219 219  7  7  0  0.00005017 0.00005609   20.820174   0.321076 105.395142  -1.432473   1.786275 106.347927
 150250    219 219  7  3  0  0.00000590 0.00005609   20.820174   0.321076 105.395142  -1.432473   1.786275 106.347927
 150250    219 219  7  7  0  0.00004306 0.00005017   16.724700   4.024940 101.977910  -1.432473   1.786275 106.347927
 150250    219 219  7  3  0  0.00000709 0.00005017   16.724700   4.024940 101.977910  -1.432473   1.786275 106.347927
 150250    219 219  7  7  0  0.00004145 0.00004306   16.061163  -0.270681 104.534314  -1.432473   1.786275 106.347927
 150250    219 219  7  3  0  0.00000160 0.00004306   16.061163  -0.270681 104.534314  -1.432473   1.786275 106.347927
 150250    219 219  7  7  0  0.00003671 0.00004145   15.771168  -0.197377 104.916265  -1.432473   1.786275 106.347927
 150250    219 219  7  3  0  0.00000472 0.00004145   15.771168  -0.197377 104.916265  -1.432473   1.786275 106.347927
 150250    219 219  7  7  0  0.00003312 0.00003671   15.224841  -2.597571 100.746538  -1.432473   1.786275 106.347927
 150250    219 219  7  3  0  0.00000358 0.00003671   15.224841  -2.597571 100.746538  -1.432473   1.786275 106.347927
 151018    219 106  7  7  1  0.00204308 0.00428968   16.054851  -3.027882 106.331851  -0.657768   0.674765 102.054083
 151018    219 106  7  3  1  0.00224660 0.00428968   16.054851  -3.027882 106.331851  -0.657768   0.674765 102.054083
 151301    219 106  7  7  1  0.00084654 0.00523626   15.646894  -1.047989 104.642845  -1.162657  -0.646180 100.826412
 151301    219 106  7  3  1  0.00438970 0.00523626   15.646894  -1.047989 104.642845  -1.162657  -0.646180 100.826412
 151301    219 219  7  7  1  0.00073590 0.00084654   17.094344  -3.877974 105.195134  -1.162657  -0.646180 100.826412
 151301    219 219  7  3  1  0.00011062 0.00084654   17.094344  -3.877974 105.195134  -1.162657  -0.646180 100.826412
 152745    219 219  7  7  0  0.00011890 0.00021129   22.282000   5.715620 114.937024   3.417908   3.811578 102.103517
 152745    219 219  7  3  0  0.00009238 0.00021129   22.282000   5.715620 114.937024   3.417908   3.811578 102.103517
 153132    219 106  7  7  1  0.00089127 0.00071830   17.964215  -3.840539 101.001396   1.347932  -0.924338 101.218039
 153132    219 106  7  3  1  0.00013036 0.00071830   17.964215  -3.840539 101.001396   1.347932  -0.924338 101.218039
 153941    219 219  7  7  0  0.00022500 0.00182997   20.132633   3.005492 104.606427   6.368173   0.975152 104.435296
 153941    219 219  7  3  0  0.00160496 0.00182997   20.132633   3.005492 104.606427   6.368173   0.975152 104.435296
 154216    219 106  7  7  1  0.00234486 0.00620529   15.964634  -0.202682 108.999395  -0.261374   0.728089 102.437339
 154216    219 106  7  3  1  0.00386014 0.00620529   15.964634  -0.202682 108.999395  -0.261374   0.728089 102.437339
 154322    219 106  7  7  1  0.00187501 0.00339689   18.240463  -3.055045 100.761932   0.620093   0.616756 103.911087
 154322    219 106  7  3  1  0.00152187 0.00339689   18.240463  -3.055045 100.761932   0.620093   0.616756 103.911087
 154322    219 219  7  7  1  0.00184096 0.00187501   18.981839  -3.526184 100.913767   0.620093   0.616756 103.911087
 154322    219 219  7  3  1  0.00003404 0.00187501   18.981839  -3.526184 100.913767   0.620093   0.616756 103.911087
 154616    219 208  7  7  0  0.00011806 0.00012386   21.381410   3.889614 112.381153   0.417188  -0.027038 101.484187
 154616    219 208  7  3  0  0.00000579 0.00012386   21.381410   3.889614 112.381153   0.417188  -0.027038 101.484187
 156325    219 225  7  7  0  0.00003294 0.00003438   18.679378   2.658939 108.732406   7.241833   3.128111 110.004116
 156325    219 225  7  3  0  0.00000142 0.00003438   18.679378   2.658939 108.732406   7.241833   3.128111 110.004116
 156768    219 300  7  7  0  0.00093815 0.00384788   16.874197  -2.796526 109.871540   2.365559   1.421214 111.514501
 156768    219 300  7  3  0  0.00290945 0.00384788   16.874197  -2.796526 109.871540   2.365559   1.421214 111.514501
 156768    219 219  7  7  0  0.00038544 0.00093815   17.562140  -3.878426 108.416647   2.365559   1.421214 111.514501
 156768    219 219  7  3  0  0.00055270 0.00093815   17.562140  -3.878426 108.416647   2.365559   1.421214 111.514501
 156768    219 219  7  7  0  0.00023475 0.00038544   17.626696  -3.581149 108.097369   2.365559   1.421214 111.514501
 156768    219 219  7  3  0  0.00015067 0.00038544   17.626696  -3.581149 108.097369   2.365559   1.421214 111.514501
 156768    219 219  7  7  0  0.00014472 0.00023475   18.726659   1.624876 111.903628   2.365559   1.421214 111.514501
 156768    219 219  7  3  0  0.00009001 0.00023475   18.726659   1.624876 111.903628   2.365559   1.421214 111.514501
 157515    219 219  7  7  0  0.00004914 0.00005158   16.552223   4.496537 108.852205   3.047908   3.396851 109.148309
 157515    219 219  7  3  0  0.00000216 0.00005158   16.552223   4.496537 108.852205   3.047908   3.396851 109.148309
 157515    219 219  7  7  0  0.00004666 0.00004914   16.561549   4.623088 108.974218   3.047908   3.396851 109.148309
 157515    219 219  7  3  0  0.00000247 0.00004914   16.561549   4.623088 108.974218   3.047908   3.396851 109.148309
 160322    219 219  7  7  0  0.00023391 0.00042239   19.067366   0.997739 114.381813   3.749399   0.522214 103.675613
 160322    219 219  7  3  0  0.00018846 0.00042239   19.067366   0.997739 114.381813   3.749399   0.522214 103.675613
 160597    219 219  7  7  0  0.00219210 0.00331732   16.891336   0.470957 103.341032   0.168015  -0.320110 103.242661
 160597    219 219  7  3  0  0.00112520 0.00331732   16.891336   0.470957 103.341032   0.168015  -0.320110 103.242661
 161293    219 106  7  7  1  0.00380369 0.00614931   15.836364   2.170747 106.635689  -0.267367  -0.561495 103.430676
 161293    219 106  7  3  1  0.00234560 0.00614931   15.836364   2.170747 106.635689  -0.267367  -0.561495 103.430676
 161293    219 219  7  7  1  0.00186379 0.00380369   19.162304   3.793679 108.033139  -0.267367  -0.561495 103.430676
 161293    219 219  7  3  1  0.00193988 0.00380369   19.162304   3.793679 108.033139  -0.267367  -0.561495 103.430676
 163094    219 106  7  7  1  0.00025543 0.00447897   16.571269   4.862658 111.270236   0.281722  -0.632616 104.019082
 163094    219 106  7  3  1  0.00422325 0.00447897   16.571269   4.862658 111.270236   0.281722  -0.632616 104.019082
 163476    219 219  7  7  0  0.00076407 0.00085490   15.023541   1.232253 113.906242   2.076494  -1.399289 114.630444
 163476    219 219  7  3  0  0.00009054 0.00085490   15.023541   1.232253 113.906242   2.076494  -1.399289 114.630444
 163476    219 219  7  7  0  0.00039832 0.00076407   16.544874   2.175057 114.048179   2.076494  -1.399289 114.630444
 163476    219 219  7  3  0  0.00036546 0.00076407   16.544874   2.175057 114.048179   2.076494  -1.399289 114.630444
 163476    219 219  7  7  0  0.00037470 0.00039832   18.233686   1.557337 112.689205   2.076494  -1.399289 114.630444
 163476    219 219  7  3  0  0.00002360 0.00039832   18.233686   1.557337 112.689205   2.076494  -1.399289 114.630444
 163476    219 219  7  7  0  0.00018166 0.00037470   21.321987  -2.064603 108.221229   2.076494  -1.399289 114.630444
 163476    219 219  7  3  0  0.00019303 0.00037470   21.321987  -2.064603 108.221229   2.076494  -1.399289 114.630444
 164446    219 215  7  7  1  0.00019849 0.00436374   17.266152  -7.083779 113.932955  -0.840615  -0.909216 100.560854
 164446    219 215  7  3  1  0.00031105 0.00436374   17.266152  -7.083779 113.932955  -0.840615  -0.909216 100.560854
 167873    219 219  7  7  0  0.00058588 0.00385289   16.612073   6.302658 111.543486   3.908263   2.985363 105.566300
 167873    219 219  7  3  0  0.00326700 0.00385289   16.612073   6.302658 111.543486   3.908263   2.985363 105.566300
 171456    219 106  7  7  1  0.00073535 0.00526916   19.413744   2.875987 102.227451   0.098143  -0.942490 100.003194
 171456    219 106  7  3  1  0.00453380 0.00526916   19.413744   2.875987 102.227451   0.098143  -0.942490 100.003194
 174543    219 219  7  7  0  0.00024063 0.00031322   16.911078   0.833392 112.569368   5.104768  -2.921736 108.296800
 174543    219 219  7  3  0  0.00007258 0.00031322   16.911078   0.833392 112.569368   5.104768  -2.921736 108.296800
 174543    219 219  7  7  0  0.00020568 0.00024063   18.331150   4.506545 111.701496   5.104768  -2.921736 108.296800
 174543    219 219  7  3  0  0.00003493 0.00024063   18.331150   4.506545 111.701496   5.104768  -2.921736 108.296800
 174858    219 300  7  7  0  0.00565260 0.00633923   16.638132  -5.244686 110.412578  -2.793415   1.376884 108.957031
 174858    219 300  7  3  0  0.00068662 0.00633923   16.638132  -5.244686 110.412578  -2.793415   1.376884 108.957031
 174858    219 219  7  7  0  0.00560149 0.00565260   18.387391  -5.956553 110.794304  -2.793415   1.376884 108.957031
 174858    219 219  7  3  0  0.00005110 0.00565260   18.387391  -5.956553 110.794304  -2.793415   1.376884 108.957031
 176127    219 106  7  7  1  0.00027681 0.00042492   18.072084  -3.003696 110.703105   0.784993   0.771383 105.475241
 176127    219 106  7  3  1  0.00014810 0.00042492   18.072084  -3.003696 110.703105   0.784993   0.771383 105.475241
 176129    219 219  7  7  0  0.00036185 0.00048565   16.676613   0.386197 113.673732   4.098251  -5.160604 111.010128
 176129    219 219  7  3  0  0.00012378 0.00048565   16.676613   0.386197 113.673732   4.098251  -5.160604 111.010128
 176129    219 219  7  7  0  0.00019448 0.00036185   17.987208   2.164293 112.405768   4.098251  -5.160604 111.010128
 176129    219 219  7  3  0  0.00016708 0.00036185   17.987208   2.164293 112.405768   4.098251  -5.160604 111.010128
 176129    219 219  7  7  0  0.00017905 0.00019448   17.857726   2.755501 113.733196   4.098251  -5.160604 111.010128
 176129    219 219  7  3  0  0.00001542 0.00019448   17.857726   2.755501 113.733196   4.098251  -5.160604 111.010128
 180172    219 225  7  7  0  0.00004331 0.00005002   18.472045   5.641157 111.933875   4.336187  -1.321471 112.512443
 180172    219 225  7  3  0  0.00000669 0.00005002   18.472045   5.641157 111.933875   4.336187  -1.321471 112.512443
 180172    219 219  7  7  0  0.00004137 0.00004331   18.112620   5.826974 112.229738   4.336187  -1.321471 112.512443
 180172    219 219  7  3  0  0.00000193 0.00004331   18.112620   5.826974 112.229738   4.336187  -1.321471 112.512443
 180172    219 219  7  7  0  0.00003421 0.00004137   17.926577   5.347055 112.949302   4.336187  -1.321471 112.512443
 180172    219 219  7  3  0  0.00000687 0.00004137   17.926577   5.347055 112.949302   4.336187  -1.321471 112.512443
 180172    219 219  7  7  0  0.00003028 0.00003421   17.943692   7.354322 110.736285   4.336187  -1.321471 112.512443
 180172    219 219  7  3  0  0.00000391 0.00003421   17.943692   7.354322 110.736285   4.336187  -1.321471 112.512443
 180863    219 219  7  7  0  0.00011683 0.00021308   19.952157  -2.007663 113.310269  -0.584591  -2.334439 102.657371
 180863    219 219  7  3  0  0.00009623 0.00021308   19.952157  -2.007663 113.310269  -0.584591  -2.334439 102.657371
 184346    219 106  7  7  1  0.00030456 0.00210650   16.432155  -5.589237 107.004123  -0.535285   0.561221 102.453210
 184346    219 106  7  3  1  0.00180192 0.00210650   16.432155  -5.589237 107.004123  -0.535285   0.561221 102.453210
 184346    219 219  7  7  1  0.00016855 0.00030456   16.416445  -5.546316 106.862070  -0.535285   0.561221 102.453210
 184346    219 219  7  3  1  0.00013600 0.00030456   16.416445  -5.546316 106.862070  -0.535285   0.561221 102.453210
 184346    219 219  7  7  1  0.00015411 0.00016855   19.501285  -4.756338 108.032581  -0.535285   0.561221 102.453210
 184346    219 219  7  3  1  0.00001415 0.00016855   19.501285  -4.756338 108.032581  -0.535285   0.561221 102.453210
 184346    219 219  7  7  1  0.00011756 0.00015411   22.394021  -5.798724 107.355525  -0.535285   0.561221 102.453210
 184346    219 219  7  3  1  0.00003653 0.00015411   22.394021  -5.798724 107.355525  -0.535285   0.561221 102.453210
 185201    219 219  7  7  0  0.00004156 0.00004590   15.701236  -1.047436 108.393329   6.519501   0.152374 114.055937
 185201    219 219  7  3  0  0.00000433 0.00004590   15.701236  -1.047436 108.393329   6.519501   0.152374 114.055937
 185201    221 219  7  3  0  0.00004127 0.00004156   15.670516  -0.667483 108.362599   6.519501   0.152374 114.055937
 185311    219 106  7  7  1  0.00304451 0.00441293   16.439996   2.152231 106.769726   0.413955  -0.668248 106.496683
 185311    219 106  7  3  1  0.00136813 0.00441293   16.439996   2.152231 106.769726   0.413955  -0.668248 106.496683
 186505    219 106  7  7  1  0.00079575 0.00444487   21.056541  -5.909395 101.765114  -0.856025   0.326625 105.748052
 186505    219 106  7  3  1  0.00364911 0.00444487   21.056541  -5.909395 101.765114  -0.856025   0.326625 105.748052
 186505    219 219  7  7  1  0.00044964 0.00079575   21.252401  -6.501373 100.939227  -0.856025   0.326625 105.748052
 186505    219 219  7  3  1  0.00034610 0.00079575   21.252401  -6.501373 100.939227  -0.856025   0.326625 105.748052
 188499    219 219  7  7  0  0.00022391 0.00030747   16.290080   2.672418 112.341290   2.580582  -0.470525 107.263924
 188499    219 219  7  3  0  0.00008355 0.00030747   16.290080   2.672418 112.341290   2.580582  -0.470525 107.263924
 188499    219 219  7  7  0  0.00015421 0.00022391   16.536505   2.903338 112.041026   2.580582  -0.470525 107.263924
 188499    219 219  7  3  0  0.00006969 0.00022391   16.536505   2.903338 112.041026   2.580582  -0.470525 107.263924
 188499    219 219  7  7  0  0.00012432 0.00015421   16.272824   2.597116 111.612617   2.580582  -0.470525 107.263924
 188499    219 219  7  3  0  0.00002935 0.00015421   16.272824   2.597116 111.612617   2.580582  -0.470525 107.263924
 188499    219 219  7  7  0  0.00011604 0.00012432   17.485586   1.212479 111.473562   2.580582  -0.470525 107.263924
 188499    219 219  7  3  0  0.00000827 0.00012432   17.485586   1.212479 111.473562   2.580582  -0.470525 107.263924
 188519    219 219  7  7  0  0.00291949 0.00427297   15.973937  -4.462818 100.060464   3.439942  -0.653760 103.833788
 188519    219 219  7  3  0  0.00135346 0.00427297   15.973937  -4.462818 100.060464   3.439942  -0.653760 103.833788
 188871    219 106  7  7  1  0.00087928 0.00162387   21.422519   0.322814 107.905059  -1.666192  -0.117426 102.361767
 188871    219 106  7  3  1  0.00074457 0.00162387   21.422519   0.322814 107.905059  -1.666192  -0.117426 102.361767
 189112    219 219  7  7  0  0.00040053 0.00142884   18.070862  -4.222238 108.963766   5.556625  -4.055645 104.603361
 189112    219 219  7  3  0  0.00102802 0.00142884   18.070862  -4.222238 108.963766   5.556625  -4.055645 104.603361
 189112    219 219  7  7  0  0.00035617 0.00040053   20.474796  -5.755023 103.631901   5.556625  -4.055645 104.603361
 189112    219 219  7  3  0  0.00004406 0.00040053   20.474796  -5.755023 103.631901   5.556625  -4.055645 104.603361
 189112    219 219  7  7  0  0.00022757 0.00035617   20.283648  -7.350348 100.887142   5.556625  -4.055645 104.603361
 189112    219 219  7  3  0  0.00012859 0.00035617   20.283648  -7.350348 100.887142   5.556625  -4.055645 104.603361
 189112    219 219  7  7  0  0.00022046 0.00022757   19.560043  -7.422743 100.821689   5.556625  -4.055645 104.603361
 189112    219 219  7  3  0  0.00000710 0.00022757   19.560043  -7.422743 100.821689   5.556625  -4.055645 104.603361
 189164    219 219  7  7  0  0.00004935 0.00005014   16.499987   3.712492 101.048399  -2.746553  -4.940792 104.374741
 189164    219 219  7  3  0  0.00000077 0.00005014   16.499987   3.712492 101.048399  -2.746553  -4.940792 104.374741
 191183    219 106  7  7  1  0.00557347 0.00612863   16.349995  -0.743181 105.487897   0.554348   0.236876 104.932403
 191183    219 106  7  3  1  0.00055487 0.00612863   16.349995  -0.743181 105.487897   0.554348   0.236876 104.932403
 191495    219 208  7  7  0  0.00004702 0.00005566   19.702374   2.500486 103.941397  -3.847615   0.067410 110.271391
 191495    219 208  7  3  0  0.00000862 0.00005566   19.702374   2.500486 103.941397  -3.847615   0.067410 110.271391
 191495    219 219  7  7  0  0.00004219 0.00004702   19.371978   1.935318 104.093802  -3.847615   0.067410 110.271391
 191495    219 219  7  3  0  0.00000482 0.00004702   19.371978   1.935318 104.093802  -3.847615   0.067410 110.271391
 191865    219 215  7  7  1  0.00026514 0.00711684   20.748719  -0.875936 111.196533   0.249915   1.220232 106.212000
 191865    219 215  7  3  1  0.00024703 0.00711684   20.748719  -0.875936 111.196533   0.249915   1.220232 106.212000
 191928    219 219  7  7  0  0.00197470 0.00379116   20.024393   0.871711 111.128350  -0.122636   0.844633 102.872683
 191928    219 219  7  3  0  0.00181618 0.00379116   20.024393   0.871711 111.128350  -0.122636   0.844633 102.872683
 192427    219 219  7  7  0  0.00017047 0.00022595   15.790781   5.525087 111.309536   4.668876   1.969148 110.056812
 192427    219 219  7  3  0  0.00005519 0.00022595   15.790781   5.525087 111.309536   4.668876   1.969148 110.056812
 194355    219 219  7  7  0  0.00006643 0.00008915   20.658537   1.376966 110.806968   0.007792   1.645107 104.411577
 194355    219 219  7  3  0  0.00002271 0.00008915   20.658537   1.376966 110.806968   0.007792   1.645107 104.411577
 194355    219 219  7  7  0  0.00005506 0.00006643   19.148846   1.407494 110.121200   0.007792   1.645107 104.411577
 194355    219 219  7  3  0  0.00001109 0.00006643   19.148846   1.407494 110.121200   0.007792   1.645107 104.411577
 194355    219 219  7  7  0  0.00004601 0.00005506   19.180729   1.401770 110.297642   0.007792   1.645107 104.411577
 194355    219 219  7  3  0  0.00000903 0.00005506   19.180729   1.401770 110.297642   0.007792   1.645107 104.411577
 194355    219 219  7  7  0  0.00004249 0.00004601   21.170339   5.815351 101.837411   0.007792   1.645107 104.411577
 194355    219 219  7  3  0  0.00000323 0.00004601   21.170339   5.815351 101.837411   0.007792   1.645107 104.411577
 196811    219 106  7  7  1  0.00023427 0.00102104   16.355355   5.039000 111.262656  -1.096673   1.012059 100.936253
 196811    219 106  7  3  1  0.00078676 0.00102104   16.355355   5.039000 111.262656  -1.096673   1.012059 100.936253
 196811    219 219  7  7  1  0.00016818 0.00023427   15.205695   4.041532 106.040570  -1.096673   1.012059 100.936253
 196811    219 219  7  3  1  0.00006580 0.00023427   15.205695   4.041532 106.040570  -1.096673   1.012059 100.936253
 196811    219 219  7  7  1  0.00015136 0.00016818   15.288371   4.095154 106.012388  -1.096673   1.012059 100.936253
 196811    219 219  7  3  1  0.00001680 0.00016818   15.288371   4.095154 106.012388  -1.096673   1.012059 100.936253
 196811    219 219  7  7  1  0.00012661 0.00015136   15.490241   5.439663 105.886557  -1.096673   1.012059 100.936253
 196811    219 219  7  3  1  0.00002473 0.00015136   15.490241   5.439663 105.886557  -1.096673   1.012059 100.936253
 196811    219 219  7  7  1  0.00009529 0.00012661   15.219553   5.586818 105.716372  -1.096673   1.012059 100.936253
 196811    219 219  7  3  1  0.00003131 0.00012661   15.219553   5.586818 105.716372  -1.096673   1.012059 100.936253
 196957    219 225  7  7  0  0.00003351 0.00003704   17.511922   0.555131 100.041896   0.381894  -0.237524 103.551288
 196957    219 225  7  3  0  0.00000352 0.00003704   17.511922   0.555131 100.041896   0.381894  -0.237524 103.551288
 197547    219 219  7  7  0  0.00149054 0.00289494   18.745264   2.132421 113.110848   4.731628  -0.631508 106.534309
 197547    219 219  7  3  0  0.00140411 0.00289494   18.745264   2.132421 113.110848   4.731628  -0.631508 106.534309
 197547    219 219  7  7  0  0.00124997 0.00149054   18.797471   2.106516 113.138211   4.731628  -0.631508 106.534309
 197547    219 219  7  3  0  0.00024056 0.00149054   18.797471   2.106516 113.138211   4.731628  -0.631508 106.534309
 198354    219 106  7  7  1  0.00042978 0.00432404   15.108317   2.243761 103.024985   0.448514  -0.495810 105.157706
 198354    219 106  7  3  1  0.00389425 0.00432404   15.108317   2.243761 103.024985   0.448514  -0.495810 105.157706
 198354    219 219  7  7  1  0.00022180 0.00042978   16.287362  -4.838968 106.005802   0.448514  -0.495810 105.157706
 198354    219 219  7  3  1  0.00020744 0.00042978   16.287362  -4.838968 106.005802   0.448514  -0.495810 105.157706
 198745    219 106  7  7  1  0.00309815 0.00423447   16.598359  -4.891415 105.601915  -0.412049  -0.455444 104.251749
 198745    219 106  7  3  1  0.00113631 0.00423447   16.598359  -4.891415 105.601915  -0.412049  -0.455444 104.251749
 198786    219 219  7  7  0  0.00089789 0.00188929   21.573225  -0.859365 108.852237   3.586132   0.946403 102.096601
 198786    219 219  7  3  0  0.00099112 0.00188929   21.573225  -0.859365 108.852237   3.586132   0.946403 102.096601
 198965    219 106  7  7  1  0.00130467 0.00444113   18.147001  -0.949181 104.990642  -0.331788  -0.068311 106.390084
 198965    219 106  7  3  1  0.00313645 0.00444113   18.147001  -0.949181 104.990642  -0.331788  -0.068311 106.390084
 198965    219 219  7  7  1  0.00122434 0.00130467   22.024866   1.730847 102.259948  -0.331788  -0.068311 106.390084
 198965    219 219  7  3  1  0.00008031 0.00130467   22.024866   1.730847 102.259948  -0.331788  -0.068311 106.390084
 199106    219 106  7  7  1  0.00421947 0.00444085   17.655317  -4.059905 104.217866  -1.297945   0.869552 106.662341
 199106    219 106  7  3  1  0.00022137 0.00444085   17.655317  -4.059905 104.217866  -1.297945   0.869552 106.662341
 199589    219 219  7  7  0  0.00016550 0.00017603   22.180611  -4.514977 100.785387   4.191061  -5.728619 106.470657
 199589    219 219  7  3  0  0.00001052 0.00017603   22.180611  -4.514977 100.785387   4.191061  -5.728619 106.470657
